2016
422553040.557024
642288692.431857
24300739.2729826
211856632.523425
344830137.782834
202407501.611734
30811070.7315074
105497321.914016
719135508.679124
194286668.689631
123823834.777847
257020622.322762
275909245.884963
356977845.957674
303241665.487527
337353450.033493
540378181.69132
332989663.546376
283042024.050915
414514662.43803
5803983.00968464
239983216.431364
337711830.317502
551696461.699135
255507871.613698
420723034.440595
79816256.2958758
264478948.921573
216031037.079749
660739528.346261
60063932.9146281
527518467.627208
364601158.739203
412783289.344618
251419707.602732
413771367.088282
105825970.71912
503933888.367589
585945793.718528
144152544.746368
678547103.917041
161547486.534098
412402897.30445
337066089.711066
104486136.549736
334214608.430637
625357570.520396
635961399.438377
468206391.274605
77152876.5636113
535313473.068039
77331025.0784423
116609096.143667
496565336.177683
530319482.565081
190431600.681262
298411324.814142
646534156.328633
613954645.76918
28269037.7773094
130354431.710961
72367578.2990831
608294538.108803
92695497.1124146
117358518.065204
316774743.886313
128589443.770229
198787403.975211
612134221.06633
731463119.393713
159830258.396697
434360247.745074
641604143.908503
587856417.020687
539526568.013074
429369268.726713
477865444.992249
198057736.621002
583114997.842127
439660951.118526
267990741.860278
310328683.496955
205914482.334178
324032154.590848
81724396.151362
142955769.305797
33045993.5134287
739882181.014274
528961302.43124
44531449.3820966
329101455.591775
285261682.741932
216625905.860968
93853835.3256279
159349464.190888
304350644.423563
166296626.191428
200781842.243599
339232828.239962
177241038.819675
234470190.796167
62235713.8206202
295199616.03127
179821095.026713
177511179.318983
368713761.475059
435797274.262632
188241733.347491
109388516.37721
140339572.501117
288635725.325649
616665400.099478
129491899.149962
66299827.6080312
538709233.479949
39164898.9604349
391494069.590261
496376628.886698
277209898.891952
119292943.013741
115352876.778473
322136342.643802
576418523.100489
35157097.7931075
548027185.463974
67145138.9387695
530161996.102592
185681372.205465
225705435.92885
509884711.422641
402765081.285079
65292804.1582932
299578041.117198
338665860.691938
162152981.806479
314372385.634632
249506768.284001
70150897.6368217
55688203.054455
155319624.408021
198574294.928552
23225813.4682841
145774586.015178
136209325.695237
357341483.277305
710199237.978214
250722643.778456
217960499.360474
439326901.002724
312834608.701291
227671035.854183
67680875.2396593
176211392.091231
88331483.0820341
212136515.059559
312075814.872085
39513692.2946111
202283559.254861
318517572.851297
261668436.073438
446994165.819434
221344032.842665
363565176.564886
511806616.009496
373736123.69773
128827901.5628
33427558.5853418
391348122.289104
167546019.912379
399246561.884228
465625952.208516
132711248.325239
123412715.299262
477127578.110821
242701617.341409
106781258.454413
402470539.969524
697914379.546157
512340473.629991
70257339.9047195
426375000.392079
339502310.430458
655150224.487444
266530171.722331
214340706.559617
343114668.415949
183300096.669322
331008511.173237
46567632.3221699
299134274.532916
427950174.039808
251081956.272894
423002920.552176
309392755.740286
51330015.2218381
764792977.690717
163141869.515463
393004939.891796
727825302.93511
366401078.426732
394666228.888049
327479666.416948
421260972.816529
321906315.043831
374567828.859413
446000802.888261
239309712.287064
163145819.941027
321928479.041926
517285132.90836
477748334.632842
263308117.013141
474729676.263143
486302115.198965
318058892.349216
253697246.079666
428435250.697678
21188746.324505
216500634.71134
96906975.4751519
474144645.311551
988984602.425108
344630459.652275
198174873.963844
29307381.527858
632696682.685931
235439642.446906
142286092.756129
501329103.047354
200050315.306745
360026288.092233
586662759.157798
114897954.545341
268771301.029341
460227548.008065
466690825.419112
165178804.76518
410036680.998669
107805496.445346
582926208.605792
238142467.830193
514757397.933251
253314278.986728
551281840.737653
183304427.861229
320581501.488234
267637264.16044
416400166.30179
247090541.897056
653930126.596418
256750541.20808
39042957.6020929
486953782.518051
77295933.2171296
139164063.318012
188997943.620507
498448815.117276
281359071.237807
186636364.475838
645103141.583737
832079985.449793
371264279.022112
241889258.05624
426227391.515237
292533324.074068
193752115.956038
653895486.07467
499378191.923334
349097056.042972
344037057.461778
444665495.520741
232819557.299684
182216610.422885
449414269.564606
110996269.349837
182038065.395378
397016851.232565
283470650.957276
1137125527.90923
100633672.688123
152703816.663469
368298048.186284
164243643.07909
627389311.857283
375052547.004054
74650142.5339121
57410023.682032
250755277.273026
681624791.747721
595402091.328636
416648869.38979
254766794.292668
366630200.626617
393177629.226156
204200368.748574
163744234.641859
511950185.008505
358818879.622011
83148346.6784357
213315348.380085
472527933.77586
386864624.322802
154424027.104749
71280741.16209
164177981.976645
611264913.317398
475586467.431695
181883640.389931
301802148.199175
417423684.508003
63167577.8186823
570158129.007803
249452404.610836
377271323.492474
247817608.168353
138854728.282949
59960020.2850414
300700226.378859
354703022.927518
137564062.664774
466800011.495478
202121664.628347
348614395.616222
157791197.291884
750311622.806863
586553057.12607
647254467.23801
139988477.68594
515286738.609428
404544929.328442
464092654.755526
307916933.806283
181938099.51413
362276486.638717
651434349.755943
81965505.4072073
483248459.379044
203754825.712556
419248711.187208
534870521.268356
224172375.160119
114418458.584449
135615183.961056
159992613.767986
125836294.126715
284885362.927221
628226222.334697
85169599.610414
281995038.141347
193344507.41182
355207675.075054
202465908.441931
657822705.368736
205056621.533162
255689258.91649
294578615.469884
326979725.157755
312802564.797833
503451310.320263
213898823.72091
179969864.236337
313678424.396866
297821700.849817
172122899.812492
73661266.947074
410565883.681093
87800698.2195964
22881872.5986464
295526309.244749
171354017.117546
498315841.725274
128718569.620657
195559238.0765
82678535.4427327
529291928.513027
429518177.313254
643489841.947492
389466713.206932
489533123.378204
789469448.765527
673966608.321687
479097423.982034
315173445.26586
380421066.428434
115071176.647193
356392041.102108
92348721.9527813
162498221.136195
97256554.0025704
395011791.579748
95466575.23819
456859281.553013
95630637.6635208
223944493.017061
286045046.693883
304012744.23378
56582689.1757038
285796606.946748
827498031.570474
335602814.713167
336209658.472805
145370988.400581
320748298.846228
238833785.759819
144628651.722707
86642768.7280364
558625934.726921
440741848.248234
277472353.551725
217865237.10897
347918949.621677
292967262.98887
110962658.030355
584826328.912432
489595512.156858
767877785.475683
222040133.499549
251998918.147742
181893237.263506
436396626.099624
744126475.061633
189109244.230856
74035938.3681072
399751169.080301
691964224.201208
298687273.660548
261484004.476839
308315495.202413
714394024.7634
376776267.385773
137960779.201928
556707375.146544
336110371.643305
660907765.032536
547842355.474539
136682202.675667
98021785.065854
111329815.069566
424716021.749192
374525970.189397
155438837.85163
444466199.807151
200517263.933322
694670414.631586
298944543.216168
744023110.103904
98979358.3514509
169063032.437645
66816077.3952735
703137777.735328
357852084.948552
306084753.973312
14113735.9061828
573105571.5388
546762829.204599
45168824.1168025
637985515.028862
386832610.790921
154511492.520858
373108135.834288
571412089.967505
176838783.759317
523343985.015814
154056943.934711
146158837.697208
50086121.091232
467323933.822738
55908639.8401996
582330943.727928
233815160.642082
429251865.123547
225829002.717526
435024674.458208
707025680.358334
140563737.703278
115607099.210239
109598939.243771
363075487.955764
608118138.949049
122534522.168966
307494021.063451
244594874.615526
143414367.351597
452588015.51843
195883731.09401
396644813.273011
132741660.708801
250778112.480377
429316446.316196
46933568.0362746
85384658.1184882
362195985.382616
470548787.001694
136893906.925593
260065255.5167
396475873.878846
206368966.527738
59473827.4626985
274044799.413461
699490126.440767
530190938.417771
646812821.445093
185119141.79045
149894073.615526
138086995.90349
424442994.006728
65133553.6318975
850246316.209766
371775643.117277
436721664.124414
291204265.892969
273440082.903386
386116092.19436
132889490.875931
428532595.268821
652524871.909761
388079327.916209
424393185.395207
488336639.41708
71334407.7176557
261236010.304506
653386204.582017
222529924.831837
166092759.823806
70439278.9692777
358112738.68839
246228489.688721
679110033.001318
483274927.957344
238244386.618539
622819276.706292
21505361.9846621
318489352.793952
187658392.298966
66833577.7944902
754288503.277239
533505195.159955
247522779.111963
455633577.388448
508845973.837103
206668134.984582
193111589.174106
317222740.912507
417689491.892798
519307195.18042
520270182.324419
147897105.733313
462969987.591891
416066304.356038
420910689.40119
462158503.187752
323235390.901391
418145899.963526
121409279.478975
174877283.811447
135432428.612234
425181122.118894
131644126.816952
144357464.116057
680657820.396552
365917260.485566
435015758.793236
160464529.439362
84880115.4671093
630091618.092584
379074258.306776
337608712.009235
575223513.036527
127656607.579823
387903826.582149
768512618.686714
611167486.590866
522535272.417934
556798016.855639
115861763.363902
541636719.507001
454423890.135183
35727324.1664842
218589008.322044
197359003.056393
74129209.9007997
459522966.791921
575383174.9284
136149357.405772
364408934.503205
446072202.714845
396035117.572608
410919251.245918
672625132.812057
202361873.657841
435585823.225666
183743138.750147
168750305.200756
228911270.461481
607308180.72119
396955491.164801
583121677.075647
869908069.53437
278588139.037615
747695090.199632
296228796.852113
211989119.555314
349221872.997504
116317163.93376
766007163.678592
381836493.137195
214367502.887917
746304064.110835
409812204.140425
411053227.307532
543439822.893944
344821998.750161
137120521.691705
184626936.805387
242957653.246424
174628793.327437
630817441.791511
244528966.256267
376305026.51845
24787309.5392815
241275052.3589
828978019.066317
591336963.971245
184082499.068907
80484476.1413303
406847740.879554
945098631.710407
253327404.367272
286921274.410451
416146814.679995
242808309.439351
252649683.812225
733979816.558873
598431483.328368
545835694.963082
179949184.518482
322569244.27134
362571600.169107
221028060.184014
595572084.602226
466740409.250323
556554713.460802
410226873.665108
920155628.981686
456054908.008024
697580621.573794
636471534.811724
316439950.325021
401953426.631481
197275615.044569
886026773.18542
331791403.024494
388143460.091685
508681152.603801
50140090.4055971
125840054.404102
522343988.166452
788978020.336548
327148080.699689
372566200.825753
259331264.129305
397250885.126431
789381353.365462
251093400.177298
514575631.896404
255259452.429645
175397693.944553
367886936.442771
360968345.04643
641794297.828146
73327163.4378217
511167462.587634
178616971.581772
142333681.081977
145599486.15264
377773930.510096
235622524.170602
56727732.8220394
612805891.102617
169779243.943528
76926586.8314197
344274144.781232
416296629.501937
281497951.118843
523219032.663102
569545558.282074
518264028.654081
228134155.413631
689235825.06933
215597099.300302
445819983.108753
293330402.414891
693261007.584788
267400367.03074
88332304.7020388
748499575.645213
491645568.987497
191489179.5428
552412882.083066
100376485.360438
1228008230.10358
180523008.795009
275570822.143853
617591519.062737
544822065.905022
358776173.294538
115215647.367386
26658587.7516729
27197621.2345591
128629029.858304
303151216.114116
290606757.493585
564610790.146137
309549170.878732
804852956.363436
37970534.916826
270505154.558917
428137152.629625
34988798.8771143
532189397.005692
303156715.290807
300204428.856203
459951692.619407
346680504.264047
57782626.2778736
588375129.094149
142257645.571936
73423229.5119473
986558772.245307
771299617.045164
128380021.030799
440751441.386522
357747550.651251
571546867.525741
201426561.513068
105139370.081724
192779821.813958
373566734.535017
510415923.182113
405241180.288342
57142689.7272004
171985533.055138
73477973.2966807
340821783.690417
162719156.120281
367559916.188149
168262526.693435
386119202.987665
1168792517.02384
537864419.849526
240872985.907392
82045914.6913057
501472365.098938
350458651.457663
614903712.180887
171692175.00294
257342319.447685
547858626.580225
485247091.292304
239365593.03843
738393942.808639
225147643.857261
901738873.327307
430817025.120735
273254868.049261
242510336.305564
463622365.322948
487429232.82425
437928455.725028
210630683.882064
264145836.87198
359711161.774888
471686169.905599
311812762.787545
292406226.717764
325324087.678217
284825888.766629
248434423.359108
138061790.321428
331570304.043186
255468541.127908
308724674.609342
400310246.818481
95587918.4733353
601663488.906274
594944010.620613
398612859.976556
275743018.786258
430373152.142546
228229185.656162
441584231.781304
121910561.251638
513974006.219744
153456260.1489
709357430.708412
537039363.236498
513334636.184956
360694402.546326
596844608.416391
289327393.141153
863597337.429092
832424494.07454
853944788.27931
545657165.755984
204347604.842322
128020570.424884
200325567.475154
61206994.7494499
635670819.097417
213799690.647847
388211615.828206
178810490.856185
496754066.376349
342678185.072849
334814797.729987
412163508.224834
291726393.009472
417112429.735795
280929923.435152
349447315.319315
470694998.619142
425627428.910749
458721445.903929
476624585.108685
118298214.320209
313859465.887661
601906784.354057
555794291.323723
458573857.843749
474886488.290016
207485009.039037
440298951.316614
422438721.089804
189679135.040534
299111234.466104
120407115.403258
134210081.609192
140835081.334422
508612601.712003
595707710.367914
786888312.790875
401126557.59184
176655260.330579
95366098.96075
841745368.744867
124008375.641235
109367749.258241
693823247.795457
158086427.918673
370930265.618795
184829597.761372
421290437.621057
254814475.320754
491625117.627422
137142303.570157
290352201.332335
542968914.244775
216638359.633273
402447037.663938
741585435.141631
426560887.373903
802400654.343682
94682678.3649518
608397390.99401
374452467.695456
338140724.682143
225055968.10449
198849656.927942
266956210.640355
401692881.719302
324350420.11647
496083348.931645
206290712.840347
640899641.1464
304531833.06077
389985427.479485
303842562.797037
248425063.614636
497701146.40903
285648340.687815
456605454.472173
297390842.050318
267458673.200545
457109324.460091
227505666.88009
325068279.264563
467110159.181232
602191654.579938
308227504.445414
314931125.463568
184150228.968144
405023831.771404
381516873.800338
812911465.263671
267434930.114973
188637581.985172
68470552.5602536
339740635.546919
358946352.250419
532390485.139014
638161412.611875
373031410.785917
186782729.207555
224642558.926307
134775409.929651
979977726.181343
201098160.72602
683225049.96599
254942062.603825
334696187.854858
103662502.174017
737442494.263962
596339898.837161
259848268.807632
579781809.18453
548968102.89799
332517510.869087
681419571.625259
857537872.084454
187431455.990121
286827963.120589
544831641.638061
459796600.646751
201462127.320466
900798763.050775
898273533.276079
488118955.128653
120634866.818851
476297609.157311
867698869.200979
438828396.826788
198788984.84584
529738944.761802
139819587.816394
500577966.659581
529448975.701337
548251104.129927
680062990.507194
238895976.678923
999081233.824841
464812171.784428
155329486.537765
261981084.780668
113646793.204274
204540634.904161
636670720.135992
197471553.031683
583450755.187245
622364710.691874
385209162.57775
487094712.44839
395057003.906103
619229930.220009
297447849.390784
778313190.048249
471020620.258775
170963063.083432
139457283.70393
431496997.585336
587547770.606453
53193681.1230079
134726627.090665
193868530.067952
123653105.000857
568167767.711598
418753903.851307
986885871.559809
257750404.906542
767713046.757867
126470768.239901
164434581.43397
232091845.208245
376188170.508015
144311187.398981
522452510.058534
1181346221.53722
656835420.109644
787481659.08563
107057953.932218
266726209.597791
742681859.725652
142453513.851039
208644003.488237
740216575.305387
109447172.118882
137775962.182255
567921460.844568
567491346.566975
277701190.658077
501572632.133442
71301311.7744426
204425846.304759
526152522.423249
473866243.789218
148179261.988312
599323431.112732
888586999.28151
90574462.0724834
196969569.061997
819252016.110922
879028653.928734
754639194.961456
476642254.971607
131913588.660872
80910286.2718594
195136712.280341
91254985.986438
592588564.775266
177447124.297483
312493356.492207
187556184.654962
756823330.047346
938612276.532691
176842972.641307
513596277.041563
281620172.853588
722100599.374237
489329721.049242
760182459.792956
738644558.594253
36484816.8689133
145398820.821707
565512587.0065
515572706.236859
369803422.203692
750897860.54446
690695416.470902
115027485.009702
419782720.751445
937559162.647573
116109979.425402
598991574.453975
317646089.180686
159492951.448871
222867690.478405
1015180413.33579
519327032.482312
392273017.777692
262287047.095281
655149419.966621
89967755.4498471
681953050.594534
218374921.482184
271627614.945531
589021397.966969
1220576263.01365
931324439.065308
716359503.80286
65383281.4270654
161754481.5865
224985511.256824
256852489.771315
785989562.912138
412065470.593265
570569850.248843
360337505.692551
170693665.558726
550486525.440154
283115628.245421
268319669.871996
1016674573.00796
688623354.514983
205993289.091321
364268330.202238
453891565.540697
258471754.331247
664298571.889816
475233649.813706
132398397.324038
760659023.061094
43210540.5452905
132561223.820462
696715892.971294
428239265.067441
574750018.783809
453628850.598072
669009658.397161
229193310.797139
258256376.263211
421796595.914193
647142905.256725
693970920.496574
930223795.330176
106236317.89467
427664489.12391
582157681.797393
508678231.49105
622407020.622255
376620173.387866
360660191.337447
239148133.589257
171691354.050165
556353607.467702
981029482.291554
421950460.132243
303374235.691907
86490719.2778107
586871846.529271
122157475.694153
258881044.327584
340320972.899998
591681148.698244
823377998.872949
329270125.837909
787334117.60763
779652307.48915
41120952.98988
517032322.010348
177975284.16362
517967426.220758
298103358.558371
127034830.467877
263634313.507272
345547980.616875
243874074.670974
251528813.32656
699709650.556261
445537049.890256
1146351457.72867
454133148.291331
504087149.398441
399266724.949644
524436754.510297
1250738422.10417
1056082513.85786
153312053.586482
491271063.02448
316583666.439373
935444371.161866
336045849.775053
433480478.450741
208262464.287972
958559313.762784
805071670.959625
84053132.2421768
429432361.598998
151940391.74812
568155618.119205
485824754.177338
907832706.483651
112814438.58558
510494579.973044
223479903.15918
48223075.7429422
253674932.893004
742143150.191238
144383316.548291
317285902.726098
534792989.608767
357172947.047407
283154914.412039
206255743.336859
852105601.550352
361540961.258515
544849273.941695
481249156.544397
309411720.180495
665472843.222129
607687354.040421
466062028.134982
928704870.284019
193010970.377639
644277322.416466
49073716.4842952
315305270.244701
204822130.487026
76427374.0230804
112532733.337998
137655042.225985
588138176.792739
184562010.780028
253756711.178276
650988682.849397
274286328.16886
550277794.247998
173411829.664688
305157181.180927
805732933.671582
258402192.375383
134164992.608036
556652053.992495
1153972033.36596
516086134.269092
596872113.478565
477285379.896357
662495829.336389
513868270.299272
679050234.82149
546841696.147298
223786325.537438
807180415.464263
721846421.429211
33686294.125313
397852579.418403
198182236.070814
376588702.638487
266292659.700723
1195311473.5773
279924886.133073
1004213520.40977
559150608.829134
525035244.990658
377971759.943016
1131492739.13097
249234513.97862
432271788.878602
406080338.601968
574759208.660548
997908101.123687
1124496455.36564
92596008.5910072
487064874.780446
644593536.013947
809879078.17888
111521748.134897
280606003.348309
558283371.206732
599780077.932829
598756786.233299
248316200.160784
1013514453.39474
905334617.826224
588851232.451272
754971616.023098
77182375.1183691
903286194.594943
728537579.16833
579687032.867024
785411248.118407
557251327.663878
534982374.162212
151227420.477673
710420698.323003
505976066.187992
1153204691.81072
393556314.212697
169146414.958146
243884366.095879
380786487.665692
94985370.2874594
353763935.533953
684834123.743553
220424768.62899
502952448.05071
848890350.434352
289178455.624358
432408396.656498
1048187675.83689
319294813.240777
170452305.07726
802645776.882669
265453053.324051
475874027.596553
486812727.74303
290730535.083283
455785137.185987
803956706.051692
321656602.548361
762194575.877294
963902686.183349
286209857.311304
296703746.505961
450159806.575671
1028966471.5652
514578152.218701
580334025.616307
706835472.782638
331550895.475278
354415349.464446
975406091.472932
240068862.073041
440996643.231825
1137243958.47485
227913297.74119
364938892.618656
433950932.270378
630206160.633743
399639537.146183
650839045.010028
341861515.331176
121808835.419812
448088477.83515
571798489.7978
227276006.850715
114804604.333726
612929409.936466
211747814.186947
908948364.70191
154350197.587044
427187764.406328
329730089.693914
434926925.121712
1064735391.00005
372597333.764139
183366240.361538
307711456.280982
670366401.883334
683206849.949939
107932991.42565
758790186.056103
222877765.165766
430919930.637224
297815304.713961
372822152.904495
586882510.370333
187005260.998139
421813777.093236
180561343.052336
365506008.629363
665592346.858288
839911510.378581
384287277.961164
191536767.367161
442878704.811145
712413820.640249
905891090.471343
472831682.466313
550897634.569111
373495292.25457
259305978.270394
110284934.97074
397697317.740428
900191634.392557
507766052.250308
231726098.290254
82581569.7374584
120221275.017498
953501221.337622
593735983.594371
131702746.72207
196997142.408002
231052979.225717
153197839.510382
265973377.849998
516926214.545721
492846051.955017
582656491.749225
390516085.975528
587854552.517818
568827155.046377
718541609.067652
628509417.838482
730164693.928993
625143501.620377
901374899.564192
591751991.563528
843890965.939716
608863815.987298
150671449.970423
851256908.382229
446840595.534094
882617451.35166
123162708.301737
661870175.827564
761074597.305322
436840763.041513
653962826.349064
270135720.717018
121975426.470319
465379929.455745
712204829.260106
376388354.715466
330081620.203787
573626708.891283
773327783.045004
1104422833.50731
704460629.130786
482371442.124899
307010963.744103
263712819.701616
82067387.058433
565349133.635156
479327614.362871
125594540.380928
288256270.894113
232393698.122947
175198140.790241
646582554.410704
841555511.543152
724114966.804515
204375110.893481
421330815.015009
365986276.351674
692533141.499437
411139824.2167
677661584.180836
127300906.387134
649169272.578985
1018550536.2108
916545468.258082
444900459.728724
631798924.702819
514689631.815925
754437415.255832
138105168.746442
1236144423.89973
489396654.800865
422225130.066561
187918953.628559
431029068.416981
1191346167.0561
575124913.534958
363557019.782727
761967625.939236
393877634.996067
715942858.483474
481129813.376478
470691398.028742
800549926.957185
1245010055.98506
112227173.438007
292064883.822271
470216638.836547
604061140.031514
1142270403.49474
156700737.153865
960544972.658856
1170139331.18373
637935863.878711
239600829.896905
823702833.046341
365116300.912271
165757284.983265
914357801.540861
517877799.302617
478899613.400607
308035993.611965
192828262.84875
642728086.261262
430091494.387995
855821889.103554
803528456.90203
191227278.061947
333464484.685354
82060432.194559
936854130.882444
417819903.829914
570579613.645472
104894051.196421
278222805.078509
530267440.841825
855461374.316891
557986349.458049
184084648.854496
207437550.060587
845753671.17347
218565739.025941
787050018.701009
453616704.165846
593022666.344511
425800280.753003
78701341.2054019
200032478.396869
560023261.510735
284496754.273775
285953944.720791
1043632093.96922
242612426.199876
340898552.024295
150389218.155191
595076267.996288
271474823.79931
964563380.347801
644099840.6757
352676723.65354
638963780.561394
808586499.305684
632306666.408053
216712495.770241
431584595.991747
730716393.251841
386007295.076328
462908238.397147
492311698.503472
731849374.917597
291661038.814898
402301997.005716
299898030.435187
463422104.787987
136683296.970649
456200130.697084
806967271.18161
489107716.696636
725961373.786423
491280174.087751
635097124.534915
420337960.97795
713896616.687926
615489053.142182
358789094.558101
130442325.457064
555822823.128539
175656476.529891
434366581.905407
309599202.951567
189837426.179856
457613647.653708
235638541.783098
1117314700.3051
83899182.2071285
769239200.587249
755152311.923548
765471236.868042
820177111.206471
144550046.519727
361496255.362886
939323205.921381
169596992.996835
294078723.803954
102346070.916688
690860410.617253
118898711.91271
54504964.1442232
288410851.371975
382144407.139888
377537283.950207
433412725.785273
341063288.319176
165949457.134631
347156099.751416
451314565.457924
344055445.283596
295643713.700476
118634902.69364
546624101.558604
1012528824.60631
811137182.705316
224908967.552558
119329362.291083
1161837431.44874
761193474.901771
319641046.183452
300505394.179048
387179669.843454
594495004.273766
178770727.623127
760734344.347628
337951460.509919
1045284268.33559
956327604.035999
155606940.68762
105678941.590473
1264715783.62225
471953484.274484
517071847.524077
867250635.612272
868392191.82828
497690297.68974
422213909.891916
162569100.097167
800296422.196287
926617819.459675
836442112.437704
899113678.947149
151723335.634565
256607007.627298
302384878.267654
337882593.603573
357896912.055389
519605708.484287
432808099.845431
463868408.423904
443856220.600166
578901514.968566
420099170.755589
861754492.663257
563685180.492856
797156257.554925
647693446.676558
739681867.754203
223797541.624789
681717079.690199
224640846.138705
181938089.636758
935444089.754211
403638203.145736
270733070.462963
399909564.40229
292415494.877814
489592624.517334
483590672.829765
188747439.408053
493084984.445305
139697805.410429
486391202.143237
1144864127.21227
353255667.309825
210822447.482987
318006842.151772
583881064.030445
1214334776.34217
820469797.611238
833643061.056727
461323566.844672
977061256.56968
602677586.452772
561705760.699402
223579737.603936
501427415.357154
781294773.295077
928540007.468222
588275332.468007
181940491.453558
692083457.539099
787983923.763589
257079523.56615
828037425.941905
431174272.001609
1079424946.15626
94294679.6117787
175149149.643602
476167164.6523
313059833.813526
568710226.933628
625041048.000897
154417782.571599
973405021.652907
565008979.700476
253815468.841605
329531481.997234
124352311.335993
613707710.149756
184584209.343687
254333086.033681
598200608.783507
258945393.894851
353789020.922659
371175231.364814
689171406.745287
498797792.371479
527728605.210085
238015822.360858
895971804.522578
957028958.237118
167358690.526676
252259689.444772
108474283.601599
148368313.902035
965957796.425068
1143554420.99038
1069505248.81784
952436378.028372
73433441.4658068
258213813.40694
627567647.605201
778116464.661117
534606081.785413
224966018.187136
536644871.064795
418509935.195905
369114790.235945
1029837347.14923
855355163.839153
472666956.883514
1558647626.97143
352049074.298803
1128523383.10458
275498593.36707
1225572457.32492
474340197.097778
357312107.46696
240252534.052048
885237227.747764
705327971.752977
525279872.753244
1556476749.27644
191456558.508727
946034370.996552
714559342.369511
439681297.396711
134241587.005686
744693253.355116
385772018.174626
1543906850.05175
315567859.549717
496490810.592211
1071948030.58888
131013686.843305
1077931963.94915
504186578.465826
521807444.651506
600621069.307627
177155648.527271
549943910.596633
169772504.914115
346100189.877903
590851395.442149
228170111.793697
856748785.038073
402569892.856991
763394164.574189
369559617.176802
896786520.151889
742724089.666113
63977190.5957627
142343123.401108
350537016.49465
250585273.419559
379958990.497543
286226954.102359
856198821.52391
135184064.749144
984778222.176774
213496581.271006
1052109261.69597
952007417.181585
208762818.497201
555265753.954338
149518001.578266
156236017.022542
520972842.133229
561683927.097681
337020775.45313
666826179.254266
451015505.90884
800484754.966509
239271833.497522
228417896.507141
442492928.54772
322676935.883607
468657604.023875
228145671.558758
562168405.462321
1014810394.12184
264345329.982831
967642656.336321
183314355.37211
65256174.5059514
299258268.311143
836858869.141372
232990450.677263
1018877647.09813
369951912.947483
669343443.330505
379390561.51369
299252340.192081
981986917.434837
196690530.757727
299562725.422302
1079765954.18058
394291791.039341
524222518.818231
1232741575.94576
776099025.584134
572480587.229746
307799322.466399
1070956887.18127
313562165.804854
231266784.42994
893206062.387828
1293824355.73489
531774326.032905
746322286.577865
818244691.861186
389705246.186496
391708273.95891
243771463.240465
618474963.808078
373818581.865313
111775762.635842
72929689.076414
138264890.298978
195000081.711584
766138878.329771
149634071.494314
217985993.917062
966900196.248275
754575337.190565
359917527.835549
807409516.088352
266247657.923143
410416968.262423
480880253.699038
904026370.27815
165962478.366074
1055599012.65972
913515431.139463
839890697.75985
588643776.179356
438211248.889822
617351606.097525
786239363.819275
108775834.977076
77808340.9490159
867488057.622227
297630376.184813
949318414.879586
702933548.7423
530652255.479509
633394560.014747
243408269.495572
184294223.430795
331793995.230655
416475001.089229
898146636.793633
190369482.763649
144161007.635594
1152527036.10016
120863971.196358
137183808.21821
600479239.754864
477316049.979419
471819736.715743
641990528.009153
441878438.154047
1309927448.37983
145640767.747647
210424410.016265
1380587719.89729
266212431.638993
569965430.43346
440654815.004995
1163227293.3952
673808390.536611
332722553.556015
976513790.739221
341173792.227668
422684380.540314
625866439.597325
212579237.583368
205612523.6243
182407766.7481
437370987.268096
542172302.84534
700871473.117666
911001177.593611
937726789.093733
537177385.50636
873835632.350065
550054127.982134
320147861.213973
481612354.384782
796380282.952617
462376579.516817
77055079.5020146
849268887.930944
275722293.76946
360015336.397944
741804196.444239
938743508.205248
521363914.304791
226750336.359685
256583594.054599
249305187.788663
881840766.18574
182246755.328622
596465657.925538
1100809927.27147
306215653.821776
255537009.170458
472777535.592811
412321771.238004
1481281242.64233
1105039338.11648
821091626.49859
1273158662.14872
1000764659.68937
557987375.719759
1303051920.74944
568232291.096605
485824131.458775
776192765.950517
442696024.940483
595049241.837372
689916520.987188
209929782.54683
136256009.400041
324406132.88273
160589758.731809
205764158.323808
604007399.535923
301001609.510999
417481820.057178
418679300.636802
206612094.323412
539625140.114823
926285176.906317
370631388.015574
547941775.033862
332586040.197171
294731995.871884
619191903.726633
1207238350.79527
586303285.356013
484313987.348297
1066862260.943
217473268.711804
373134858.750891
1017801494.31772
187723609.458497
210595593.645999
532470924.006992
1175851983.76969
937103419.635365
148170799.472144
1492826135.85127
715329190.884039
329512539.971158
956185997.227892
899931421.208371
519787848.106935
548813048.750517
266285293.442137
261918544.070284
553482624.808901
484734558.415265
376821605.784838
472384196.963911
784818158.54758
312038260.518039
515437079.014377
205752714.23946
262648058.265503
323003581.782307
781562945.342867
782687864.887854
806509045.08104
850314749.125096
476523178.101605
491054942.215707
744069313.825604
199479383.9804
1068284768.75845
208431933.262111
1060840016.33971
547483192.324984
693206017.842963
776248818.810883
689297782.640516
107989751.920119
732428596.008555
137757711.401683
440402352.403457
605597142.398729
86001978.489784
1047970381.53403
275514818.388538
588979655.157007
323710682.985393
301944433.979786
131236735.263031
270597058.224249
1274585044.2833
765486715.832616
370948558.21213
448798999.071396
516178766.970178
468277637.154377
433269793.847816
167791097.090929
351133866.17429
153341193.643078
1138561811.54296
1006645606.05048
785639697.968638
371700451.989792
323172302.988001
201006147.424346
754290414.514104
353416024.668594
327810612.302952
622883391.131586
107653093.153451
785450563.126486
375397294.692675
403842351.567081
1411816252.44202
144946628.660046
910273534.354719
141548590.938061
68145765.3387415
778961267.014153
1280472773.89428
1192357497.46031
654776983.846267
359219898.579331
1254239000.31814
648032323.057627
902763120.336973
716042983.334232
223306555.782355
347554080.341731
265693491.378313
1003529528.40114
380303423.993182
457118899.902048
417386502.261515
1031207298.56841
885768391.463269
956076077.923823
208259103.670169
202026445.537411
117071511.311951
188687593.725981
1196314894.3901
326946939.336472
195025471.994044
1368227008.86532
280096060.473444
790186509.444372
1025819503.97221
561807316.619949
495176433.838017
392743874.3597
121118426.714596
1050449814.21414
1044857197.02696
286687628.280257
390520363.190982
181773316.952964
414168936.959901
285411083.923022
407373532.925831
297923101.183825
858095108.646305
989768417.806128
