2016
779741.431896
1115437.811564
143579.215252
548630.627568
292845.303504
334883.615056
140264.373344
389681.297316
1034093.993908
429722.873264
626244.865712
486704.423712
647262.572592
644603.78946
471747.694004
577755.79254
1100596.12394
478936.231944
557567.110052
735813.924764
44190.271856
392974.3092
722070.208312
950301.611388
529386.526716
677830.094488
529669.704808
537799.186092
409889.008552
1098358.96866
222535.03172
927118.517736
376548.756104
741564.066064
482037.506976
574404.760472
298738.015844
857408.892652
876788.73864
735733.140888
1176030.808344
543482.678312
701479.280884
599795.516324
616160.60226
685147.358492
1074696.1948
868357.823188
698067.717312
425109.146968
957911.294192
419325.037144
542237.564004
1001099.221876
1011568.085868
270341.965988
461272.100624
981784.157496
973793.447964
112658.968256
686001.529208
192310.092448
1206651.842672
171658.794512
505086.883824
581189.540164
687177.643976
571686.411676
880927.549856
968380.54452
708831.769072
744989.410132
1007456.223968
868968.837432
1057386.301752
713168.756708
569169.491256
610843.454504
1026572.049436
879946.810232
575607.631388
733295.426556
404755.966764
697914.68194
348151.93344
699473.079096
249405.686832
1057675.146604
850108.210284
293926.596116
634783.836212
564160.764568
357124.799252
506905.791896
350778.61552
648760.502452
409506.371864
391649.376856
863745.32038
364559.777792
354845.078724
271640.882412
561033.924568
287284.451808
312045.100188
835520.819484
719656.352336
735348.282564
623973.741772
704279.733424
324802.603424
900024.668432
501161.542696
356749.052948
807095.180032
88327.578476
954559.521488
759096.058096
800492.316844
316833.78826
290419.05138
620079.246036
1125421.9723
160854.78534
1029319.472532
324232.705464
997946.55926
501795.771448
626916.604492
1076080.821224
847152.854764
171864.891364
652769.621628
849660.405652
845102.12374
402097.31232
467660.527476
166389.427948
499622.013292
452706.019404
825954.71238
223876.320088
420947.056628
472960.51382
884339.145464
1232338.9453
618594.742372
645308.208796
937931.509696
547112.927916
592432.59584
229788.801812
402350.45
482900.821612
420997.671268
714303.01442
297582.378516
379750.101136
618696.45464
479806.951988
782947.477712
463279.010468
861485.562268
859564.362288
734326.812856
232710.800484
196132.078904
831402.743356
480380.327244
985869.681484
861802.934224
667199.243964
415974.938608
830408.319752
357386.984336
442560.580464
729874.171324
1131348.74968
947582.199828
484080.574672
702592.320248
987071.103572
1035156.708316
736351.624748
609716.666272
646465.262508
473187.056212
684736.194564
238434.47532
809715.358064
693704.26294
477024.175748
857813.101308
570173.960276
371620.201208
1220458.955976
419430.838248
988107.9636
1136909.214768
957250.46988
668253.909252
604831.159884
752108.368756
555349.691576
884070.134204
721753.479932
626323.620712
618894.985088
680123.788408
807384.05692
1037566.056404
985566.959348
889121.812476
843321.07986
759399.29512
779894.40238
705761.145856
161489.722284
709774.450792
565308.64178
808045.1063
1589479.424828
835059.008744
613158.076952
141838.514712
1056186.650212
511535.326884
266664.900488
845857.029028
422966.909952
562692.77806
1016951.20614
417521.00396
608157.882644
952783.017396
1015546.971192
514964.01956
962459.787656
337085.320268
1042728.526656
474978.853836
820719.24986
711575.231612
1036872.133164
420670.80082
817313.320876
500306.37356
700309.66962
778605.080692
1319414.00406
693764.053808
311056.665064
889477.885912
360553.523828
538027.209212
468912.628412
820280.428424
870983.120376
655947.043824
1079475.802752
1622579.676108
1103314.987352
482945.865872
964217.166076
925912.233324
411124.141108
1168838.052064
1168951.87066
1147313.65118
757305.96654
730422.464464
662976.3323
389764.495452
1031842.252608
311121.833008
673924.393512
1059694.226984
901696.433096
1843499.546284
504591.136596
349352.61462
761479.937596
439800.889772
1095888.283544
755098.722848
520496.698044
169958.59858
517989.50132
1281612.964036
1244412.184376
907112.813836
734363.356908
709777.026456
753537.105908
402794.615932
402715.152196
1202862.310752
1027375.798272
376454.73852
656967.901584
958602.1581
872452.072452
551963.821524
597092.428752
468675.718204
1122392.626364
1100667.76308
523291.741472
411672.82072
1071905.787268
186215.564852
1196236.233056
800918.838376
853892.04232
689091.599
367017.099968
572972.158872
879489.571316
722482.627084
328738.150692
1027312.111328
577675.716448
742894.857656
464953.157764
1292633.051268
1296996.859532
1502245.438188
542070.4256
988484.256964
1047069.313444
1213372.61302
779058.841632
628530.187976
893731.835728
1219381.977404
827170.429852
1000063.101804
602372.999876
955773.596828
1231114.791284
500568.075656
316352.755332
447005.462016
596486.5338
411511.413964
1035373.977556
1294339.493056
267777.553516
850048.869552
435245.505516
855779.499116
1042817.32748
1291450.013944
474737.146056
623887.194076
544428.67606
676218.860376
669507.81318
1323855.665964
906164.175128
973255.875852
754091.999612
681329.4925
469477.020336
533642.826448
1214739.176672
446075.852192
218247.595552
815019.52976
787640.602856
828428.13334
445834.048032
646119.491864
654031.25282
1216172.32506
993560.469748
1258464.418276
847084.595316
1147488.065488
1388187.289796
1273940.173656
848901.732568
673724.027492
999205.324832
394834.204188
759782.865068
528244.476308
486400.477408
398684.13838
823270.396044
390847.236892
1024527.209968
658539.85376
717635.88652
786647.080748
765764.217508
377016.20048
811699.793764
1521970.66794
780149.149612
1153164.570808
664622.886296
921828.866084
625876.36314
708570.613492
264883.75982
1010183.168808
1074257.887844
923798.104904
889518.776584
928955.55238
754913.1033
313918.87246
1433392.881476
1007854.572288
1468262.488816
570990.877932
579229.21938
803854.907228
840950.07868
1597299.905132
786258.873952
695976.545344
997870.733272
1270594.84052
964593.877948
863298.899688
751611.10822
1405454.649632
707952.547868
360124.844324
1005526.168936
799521.042724
1309738.038372
1003879.260504
680118.539748
693155.614956
367990.820248
1141202.86394
879534.647748
392548.108436
1074079.899316
874681.918568
1357475.039432
851613.480664
1405470.07226
447983.239232
668776.60498
525779.297364
1314784.95138
767098.873276
1141758.305112
153659.54964
1059767.637216
1196776.444496
401393.503844
1217354.267448
1080297.614496
416111.166188
1266778.327384
1411865.00316
666015.658764
1004644.597952
776607.507528
439579.17658
196255.00884
1236025.60472
462705.731184
1251520.324504
704054.188364
1224968.361352
620288.433304
793809.828244
1410692.011524
565497.770116
617451.243136
551524.709996
906840.35718
1498789.119632
835024.782164
808299.016244
726116.772492
551687.758748
1225808.171932
1017952.422932
911178.890296
874720.13706
820461.636192
985980.69826
290480.290532
748146.708236
823542.884328
1264802.520172
526720.015232
930127.416908
1045901.8273
903499.918132
258939.402248
577760.23486
1519612.22404
1139895.157352
1445179.561816
548383.381036
704758.189328
501736.720264
981808.337028
262476.439928
1864763.049372
963170.356468
1028469.19694
719751.17354
662233.53266
1028966.167248
425719.19442
1176672.667028
1342567.18558
1036077.463088
857249.610064
1136067.66486
424313.768156
621668.874104
1461465.570352
702430.816296
580447.963604
313843.27222
833422.241972
691975.636284
1436281.97398
1266876.079232
921816.534144
1341612.944592
158207.946724
964726.757328
659847.720936
335462.720464
1626778.052444
1433887.24354
554013.264172
1105923.702632
1271704.917748
557864.90484
645080.184452
1096077.250884
1295514.029764
1265027.034096
1207807.09244
623113.001848
1262384.832736
1164373.432484
1198438.292432
1201560.206172
967777.965052
1198048.829976
441157.95466
591263.30616
916071.447792
1250599.246924
675975.83232
536644.224104
1629696.316172
1108838.714404
1188000.563516
532913.936264
371603.6831
1224532.469744
1343557.133604
767058.658216
1259222.639728
889136.3651
951764.7991
1755202.200572
1497257.446316
1142833.705488
1075534.2013
678386.178556
1346439.303824
859514.97032
290692.247312
730156.801268
565938.42658
275024.594084
1174132.306624
1596943.477124
712135.2442
1157147.223248
1289843.835052
1074087.948436
1112773.811264
1463499.558472
535531.602976
1079130.90116
678386.049732
677040.253476
981089.428324
1369609.647164
1128624.862132
1869652.065092
1608776.972952
983704.64806
1536181.6037
915368.15502
951252.534852
1103668.387792
674317.751228
1384270.931456
1051692.537416
762527.132452
1753774.976456
1288484.93432
955777.685392
1044961.3345
1067478.13052
840038.66018
695590.624256
663486.27758
623013.028092
1426852.54568
1071340.203212
1189502.872304
280121.123584
687180.894844
1516866.925656
1346672.350128
526667.017688
593707.620784
855250.234044
1888435.90082
706103.95314
878219.052492
1155713.012232
1357889.0683
722452.811468
1541903.765228
1546980.718648
1311758.8574
605923.399
846795.910916
1094184.48122
655320.799304
1458860.396032
1080820.664524
1371160.123616
1251758.811956
1690883.455604
1106209.359736
1549219.644748
1372022.472548
864252.528456
1058317.391488
921118.553832
1756340.901556
852199.99216
1352579.5836
1267826.906996
344759.880516
575306.228304
1491358.358616
1589230.82612
945958.859116
982340.885412
688987.696588
882890.380192
1835077.420044
799744.461576
1313378.333392
648709.790072
545815.233892
1105223.693852
851442.28546
1206920.112072
465320.757344
1223194.626092
634454.936344
545634.444224
755312.965064
1041417.98594
786565.748996
567188.5957
1300226.795604
596144.208008
526869.669416
1127491.698812
1134237.100868
927601.030032
1379251.257448
1338204.825872
1058410.281556
782907.937992
1500134.754484
767946.249852
1065479.366312
827216.08538
1286764.228776
850486.531164
675413.24298
1625351.9872
1205381.097828
516634.46354
1517099.875308
447158.271232
2310364.920696
654491.259616
976293.52774
1476102.158728
1330781.019856
921869.434492
546155.755876
242449.743292
265595.2623
676314.068052
942237.747504
723782.573148
1178212.0672
1170083.616236
1778779.070856
402458.310928
1023279.454836
1240544.862616
353937.104532
1231361.649712
904035.203176
881088.440092
1202217.552508
1101442.437072
432526.12572
1442715.63826
478192.88402
478377.794968
1697090.062468
1852029.693904
655492.60564
1193979.919388
908980.081924
1471832.077684
621476.975848
683607.763384
719854.269884
862581.568228
1146851.517768
904424.890972
338512.511124
518792.122776
308234.8644
1007917.4214
683243.608248
1218996.08808
626775.09472
1208251.065068
2318138.714744
1298908.174004
1212447.059316
764014.791148
1461577.907404
814669.122268
1332648.5141
796748.214976
884578.88776
1263270.588936
1180321.880764
1208383.88024
1495553.06476
1023275.977404
1967753.940336
1511763.666496
817569.580736
945920.672524
1343825.081828
1174190.358572
1154376.102248
767929.700116
966775.52382
1017256.052172
1127152.013708
1108250.84978
793314.467216
845399.01676
823980.739244
1219108.103548
576253.804112
837954.153528
927499.929304
1003076.057912
1229934.48994
556734.86438
1597540.742636
1462785.70458
1031262.308008
928185.577676
1138295.0959
1270307.443816
995347.179436
537528.499168
1557713.152072
719443.750076
1538365.954468
1286366.298148
1176880.147956
1033518.492036
1521619.101304
804015.637012
1977159.928516
1793331.172856
1799878.849308
1436501.9154
902567.764136
1093602.315664
592312.883784
537967.739112
1568327.484896
1076166.75534
908851.420068
902875.734388
1251508.700484
1080916.452112
830945.14946
1017158.750868
1090140.008628
1285126.8506
1299481.355956
1092038.831252
1346410.003504
1230314.486212
1624673.16446
1200456.728692
499571.0753
1262192.58018
1674108.847736
1646987.630608
1201501.251776
1454228.413388
555646.037264
1650042.219112
1472920.582536
784138.402072
991935.19722
722920.030776
604940.566156
906785.878092
1375220.565488
1406748.317124
1779052.8148
1034523.122188
734940.46602
532661.02338
1857329.776628
940198.96154
641762.669548
1650430.361428
592278.979604
1317743.622384
1060883.026496
1310451.021716
991628.997788
1283532.488624
660750.670448
929293.658744
1635485.609224
748166.92762
1155904.29786
1753711.514444
1209957.73206
1675568.7201
822587.644512
1605683.746768
1015000.12552
1258391.97266
1236531.58958
1119205.285944
926849.891316
1075731.12138
898736.118056
1587850.352604
940277.298304
1832973.369348
945316.999072
1378472.106788
1007135.051092
842370.153948
1391328.038164
1306046.612192
1487501.469288
1150848.594824
1529131.514976
1228484.695164
764216.605588
963491.20504
1547468.737524
1564149.295772
1140759.308596
1019269.659096
827163.0877
1197823.574736
1234509.965164
1594113.369828
1347261.24412
1134586.766636
442676.522684
1264626.816944
1031915.404376
1668827.857832
1771625.692348
1306115.708248
1578297.736312
791941.302728
527016.16816
2078947.176028
652424.107408
1614866.219036
1187419.524524
1144604.670692
522338.272068
1756841.928256
1483274.629648
978446.13162
1503339.254684
1301357.511268
1362590.75786
1792644.46172
1931961.548804
530378.56592
804991.063768
1456079.77654
1555616.249408
895075.505776
2202453.266036
1987748.213248
1174892.105456
654383.30054
1219117.021992
1901361.958028
1177800.065984
1298813.094064
1678506.753076
855611.0722
1318098.440024
1311700.643504
1337216.648124
1847055.965652
1059093.28924
2243403.52328
1417335.346196
564838.587256
949753.090868
1026664.422712
1247786.590588
1621437.39968
772182.007664
1562091.867532
1609022.221556
1307264.583744
1298651.816132
1448437.252048
1482784.259768
1390351.387512
1862782.798072
1597562.185916
636434.091484
521431.619104
1580050.574808
1379110.778676
553691.319304
733982.039136
758231.711236
687979.652804
1662725.1846
1694361.7964
2225986.476544
1035836.59178
1873191.710064
994950.633156
1081979.295344
1041188.351908
1025784.043044
945930.07382
1454425.301568
2540490.348416
1662029.329544
1862767.98712
418727.31864
980381.852596
2030229.789372
877458.930308
968011.107192
1837644.37492
739841.233768
1128072.639928
1631622.50594
1753699.697664
1422629.794468
1333558.25748
425211.791136
1163832.962308
1239933.397012
1273622.800476
943550.411844
1649066.98498
2019183.171196
798978.994624
1373481.249568
1830274.564324
1955595.344608
1945414.10198
1386084.4296
664168.769832
459176.709636
999190.287316
452477.28578
1822114.173304
1231981.517784
1551846.519316
623736.379116
1742797.163836
2061235.875056
1098190.508756
1524016.439308
956006.835076
1777439.488148
1422609.187932
2046316.237004
2070690.32072
345115.051776
687087.553144
1419561.457504
1279307.870348
1259053.730096
2092714.267712
1677299.953776
542042.2513
1474390.081672
2209434.418884
786619.260748
1426619.788244
1074517.657036
935308.2388
807293.644368
2312459.214436
1435657.757656
1761527.841296
1108629.525504
1543162.04754
473395.952708
1706324.468972
846023.102764
1068378.27862
1584182.688808
2564582.284224
2058274.17662
1640145.023492
510119.273796
763979.469768
1568707.641756
824815.558676
1737470.807544
1421414.720436
1759006.155612
1225129.766884
1102629.273004
1494675.228176
1081115.9803
1057049.512672
2024063.751188
1692120.745044
723145.83226
1361469.024576
1427580.983824
1198972.932948
1582932.13308
1389912.469288
1090409.792016
1790616.655112
372737.972168
854295.863416
1960386.737168
1538556.338464
1450602.284384
1442915.938984
1778030.25002
933469.174872
1016478.897536
1448840.8812
1639728.804752
1735290.770816
2204736.302592
588198.928528
1243630.93968
1497426.708208
1660775.231904
1710467.079476
1273780.60084
979645.396144
692315.062516
903386.549128
1438352.569816
2269578.194376
1405806.632736
1764168.142876
425037.569588
1595369.269916
882931.109324
1171886.489188
883329.812488
1847149.338436
2197448.531532
1481775.668924
1803880.079544
2071787.679944
432151.956388
1579098.71618
865134.291656
1656043.887724
847726.58228
949840.152908
808393.54722
1140995.18794
1024990.757724
867208.462528
1711064.087748
1358126.621404
2515426.204956
2110198.09208
1546756.171464
1485548.393188
1472505.683392
2658264.424104
2444832.368744
837848.02948
1664021.653776
1076972.629024
2285181.001516
1244700.512436
1460408.55338
928624.945764
2207527.997412
1848752.07166
776397.770888
1274420.206532
618907.025168
1753048.275056
1662939.234056
2334155.968988
888084.725204
1561085.433844
919082.020996
457722.052944
942283.596064
1877299.611272
944937.259768
1307490.99704
1758912.395948
1215949.51598
1200318.600244
799720.376792
2079980.848036
1279428.160412
1798567.246236
1507129.107644
1057748.200904
1741757.115924
1848416.153808
1476879.150872
2229232.25416
1461679.74768
1742786.087556
347330.37676
1300294.989212
955837.50748
697170.721524
607748.166048
590208.864988
1612235.254136
1010896.666632
931633.652584
1860686.796768
1399671.182296
1890751.00544
773457.45166
1285300.68486
1912808.953128
1507165.39432
658387.654044
1770012.623072
2591802.95954
1632365.530104
1795667.399444
1449739.19468
1625519.993432
1730483.923048
1816743.89918
1692237.267992
1072048.099028
2189196.055152
1789744.195876
428015.141196
1360065.272344
1288466.902496
1228985.335392
1021018.504592
2519836.860608
1235991.69918
2259213.328496
1677896.124624
1565810.660312
1194264.770832
2490736.519968
1100163.9651
1349121.01042
1266609.96454
2179047.49308
2229163.673128
2471380.274824
894463.557184
1512729.819692
1733429.876728
2002732.664536
619898.067856
972427.783496
1622114.643952
1687980.001604
1817188.644888
1109007.138872
2312967.743332
2170901.3012
1780718.107316
2242090.213868
552312.165792
2318933.190156
2075944.489452
1385205.047672
2366257.804072
2100046.34226
1592698.509008
852572.098948
2272933.379624
1442881.809192
2739693.468636
1409342.80082
932124.795
825762.265024
1281846.877896
641040.926852
1258527.395124
1965312.522416
992434.19518
1682772.551164
2037503.90808
1785366.510328
1377867.88546
2536140.54558
1175628.947428
981360.724204
2140368.74584
952011.721328
1706337.637384
1728525.631276
1336678.432028
1544892.894744
2060432.930248
1284675.92202
2020788.866148
2229252.152096
1036887.29624
1379903.966528
1703463.548728
2553461.997488
1801976.36256
1719743.02118
2037246.423644
1490280.155604
1169527.529992
2261830.930728
1492187.864772
1394982.918388
2532327.767388
1374287.187732
1439637.125832
1387155.933764
1734073.796868
1548023.405208
1830196.130364
1152108.905604
1115219.154984
1275521.815724
1860503.52768
1529700.220804
855916.304976
2111760.99658
1328892.531516
2265519.232824
839789.288256
1535061.897796
1577993.30702
1311986.23572
2418690.281008
1234705.436144
921284.209332
1303452.770848
1921254.711432
1809755.759024
796172.616996
1986714.540016
796884.570836
1422979.878608
1048788.020652
1513317.07196
1728702.975684
941284.600092
1363093.812756
942547.51966
1345592.794668
1604776.030496
2264533.56694
1401361.84702
996249.259216
1517985.437524
1807216.300252
2336026.167584
1590865.530348
1640113.05072
1518392.351076
1225261.325852
584766.403848
1689984.174652
2187524.515284
1690904.962276
935624.77306
540438.454904
922355.971552
2189100.009372
1988653.416432
830077.4225
1011785.5461
1570480.860904
1018240.429
1193361.40186
1769449.904908
1648086.88866
1797301.364124
1536752.852476
1656499.548036
1694312.307916
2245931.71206
1890186.097812
2071598.743824
2050018.28688
2437238.84866
2277645.920124
2325382.728016
1671991.209032
824310.95694
1932370.200188
1736080.288204
2454791.157544
852894.36472
2101181.050652
2185443.77602
1445439.55594
1779180.895928
1053090.782116
920508.504068
1524089.752616
1807015.612376
1508657.077644
1379333.939608
1938891.24918
2012852.248416
2779139.452696
2087884.591364
1704717.323968
1352839.577996
1215451.90128
701639.107268
1955128.864712
1464556.604896
1176213.205252
1112652.714452
1096812.964932
811888.663092
2013880.898056
2018169.170696
2154935.819652
765325.233172
1505092.76852
1491116.971604
2061846.88862
1818907.063908
2089807.208
952130.14392
1949747.418336
2496561.423812
2409362.725972
1719614.133848
1834279.947876
2013315.443368
2062842.889876
1331934.04758
2669286.120752
1935631.33636
1314924.526208
917594.329312
1597224.399776
2957936.975488
1930864.059668
1365093.864524
2108958.096656
1803365.915108
2109234.60984
1605727.985232
1656108.539964
2077049.092952
2765770.097928
937266.433104
1140737.70296
1925322.301336
1949829.683212
2793429.820292
1487170.57326
2326540.715396
2766365.174384
2026883.038764
942869.592264
2116067.203032
1338963.883388
734863.802336
2435999.883964
1602989.09438
1466736.67366
1103792.958772
1033814.161568
1976801.406744
1769649.916356
2378063.223204
2410155.270384
1289920.27054
1227392.84048
737102.728436
2383100.02618
1494055.133404
1699763.590712
927692.276608
1206519.217948
1979915.657428
2144872.645588
1802510.166604
805844.782716
1215032.881264
2387221.869288
1161872.38374
2115472.384088
1557082.463736
1849590.239564
1397623.34852
901783.589748
868908.33538
1853988.917848
1250408.69962
1606448.60014
2539600.662744
1229962.307356
1406507.348892
998555.51028
2154682.070024
1054315.160928
2489370.342108
2156889.700052
1385347.135316
2030957.293712
2401564.461484
1908186.2754
1169948.25594
1595723.088864
2235561.436932
1362625.626792
1696658.001096
1528789.47846
2152954.184548
1141294.979296
1552322.592452
1446142.236628
1969040.330564
770192.74086
1571308.532712
2211029.134072
1739134.168108
2155666.995272
1993119.290856
1648492.964788
1471202.483876
2050359.06624
1873544.015432
1469251.211312
1180279.08868
1852011.243164
1126418.775816
1847389.048968
1699297.530004
1416910.336476
1698072.217252
1388267.813848
2740944.732148
686942.791688
2234301.672668
2226721.965796
2447315.384304
1892404.545928
722133.860092
1592760.199112
2594789.642624
1642694.720168
1296180.0035
723133.950456
2143090.89338
866195.00936
591734.61308
1417437.250544
1481445.3205
1506799.145692
1519216.384456
1184816.248896
1273837.718576
1750747.947312
1753965.3914
1252929.226024
1162238.116392
1228132.355312
1965240.592368
2601062.222548
2332444.728948
1121438.125416
676895.941884
3118892.088612
1991676.708456
1197357.931448
1221985.281668
1219890.79408
2133603.541684
1088426.5141
2226351.210096
1602283.064676
2557995.84086
2432385.05658
732794.042292
643784.711112
3054111.43666
1832572.056852
2058121.945276
2251044.887404
2682204.965992
1482728.6533
1728275.48736
1052267.713896
2478507.443428
2440535.756076
2289220.643276
2291858.240368
1054711.86766
1051237.744116
1221731.049188
1622601.342552
1664846.266252
1906109.786104
1501572.602024
1753362.233244
1561688.880868
2004552.537904
1744266.179304
2462319.444388
1845318.323084
2430186.731604
2112333.340972
2284848.334804
1064375.340276
1872931.391092
1378269.0994
1365750.6957
2482967.52254
1426715.639496
869083.29702
1549870.83984
1375572.90262
1764082.01328
1555761.942356
1081683.108204
2214193.677268
760373.367116
1737847.06792
2775160.534384
1481377.995128
1173728.578644
1607088.076872
1904763.378036
2840188.174268
2206415.9228
2433785.331108
1852639.193208
2596321.251188
1778102.114092
1825952.22542
1644165.153244
2075522.957436
2061469.40326
2493540.352608
1868168.106856
1133511.364628
1954941.796064
2316147.000284
1102507.758092
2297046.404276
1524104.20886
2855388.994116
595039.28034
894651.848096
1825684.469956
1426285.929944
1950010.472472
1842168.33292
1034406.436476
2437718.882488
1925845.576704
1209721.721988
1134881.985216
1004470.24554
1974323.734864
873385.865316
1216502.509224
2303456.210472
1243718.580544
1725625.268644
1184286.404592
2152629.181436
1777093.2337
1582482.878532
1564405.94156
2393236.642512
2669002.169444
1142943.143116
1279865.306592
770937.890144
1547409.073848
3073986.771684
3073167.50316
2827537.277252
2508537.522444
613320.350176
1049879.004244
1890453.273092
2458794.931408
1895686.256192
1453519.001544
1893305.69272
1527031.745468
1428631.558916
2426086.653904
2499974.339152
1707368.4435
3305198.451128
1208436.682576
2758312.677144
1343139.946848
2897470.321596
1768648.698612
1486488.111956
1230467.294476
2630329.53978
2175234.585248
1997935.217792
3566839.5247
1152108.325284
2577321.658984
2400408.856192
1922297.7527
827511.593236
2233161.20032
1657753.548208
3272459.102892
1912400.718484
2221859.576992
2830888.277012
1093098.45334
2512442.224728
1733899.284956
2214699.598328
2141017.333912
1009649.716072
1728369.471956
1609512.461116
1446798.134
1792809.569616
1860358.927356
2391034.968928
1487180.650576
2158019.707388
1434735.519844
2621831.685428
2251789.84352
581266.714656
872452.617064
1559387.426696
1201333.532644
1607184.73392
1268414.640348
2551298.863708
1327591.167164
2674765.093092
1392563.942304
2936876.960328
2385029.757996
1373423.872008
2045311.541012
899372.212648
1265995.987072
1818899.496824
2093447.567228
1522400.986584
1988993.937736
1681286.758716
2441731.060316
1883134.527816
1464963.163604
1628251.703128
1301476.22232
1938773.018804
1204276.234368
2043910.751188
2706803.016028
1123163.627852
2715823.888508
1019440.916604
701858.565564
1316459.128672
2625338.714868
1116701.758052
2779014.75058
1454095.982784
2199739.745352
1637917.39738
1378524.136452
2702528.620536
1011284.2927
1532511.716364
2784133.077932
2240010.503972
1929755.10846
3195221.70558
2577085.32828
2355197.726304
1602439.093948
2807941.513792
1126228.004396
1337781.58602
2489029.433108
3338754.62064
1844969.300484
2350496.422536
2357648.38398
1719917.17716
1533382.468852
2072422.969964
2033729.250912
1506102.324252
734895.226552
815665.540128
1266393.788604
1172754.568
2377246.143464
1047919.649844
1084017.306732
2651268.716456
2681074.700192
1602330.974284
2189198.855204
1283956.014352
1506966.572828
1716509.573872
2674728.355464
1002654.524672
2738505.890436
2521263.729336
2407067.710824
1883777.417636
1495404.857092
1996906.374712
2228492.448148
1129689.570796
591909.767616
2519970.415192
1461505.782692
2796847.275284
1953401.461408
2075949.639964
2070735.975432
1464267.630404
1200899.862672
1984589.14174
1717293.52156
2638624.259008
1985099.441864
1138516.677956
3334890.97016
971448.45944
1367564.451764
1833893.028232
2347469.137512
1786053.348928
1966275.198044
1522501.700568
3251590.406348
714731.43274
1029437.79548
3105890.39804
1227073.342724
2018025.149876
1807754.482544
3008509.266256
2289188.477336
1568274.775404
2723892.580504
1513379.180164
1491747.625592
1989574.557268
1138832.890768
1277176.901284
989168.968676
1942711.206488
1748942.851364
2200046.556324
2467449.845352
2754852.301652
1951509.239212
2793980.785204
1885816.493012
1244921.676528
1919037.64644
2690934.48162
1582609.672372
884561.048152
2354040.479152
1300230.174072
1859454.238244
2873993.714072
2694099.475768
2078744.58674
1255382.362304
1415465.08108
1512362.25038
2430185.024584
1188628.704416
1701549.431076
2920414.99146
1306816.841824
1281195.228996
1505014.462976
2092591.04578
3523274.047312
2952047.514152
2492698.12668
3162288.62406
2875911.372276
2159425.390892
3373430.011708
2337770.472748
1678087.280612
2349368.442988
1803919.552336
2235635.039924
2376062.945008
731624.04442
748497.885
1715736.508752
1006990.707192
1519129.41798
2043069.4592
1382813.084976
1945787.270716
1752576.546228
1556662.090728
1844962.087972
2636611.488828
1824630.70562
2046859.248224
1565100.21842
1827311.544116
2302828.80708
3172495.399348
2035726.984392
1886331.365096
3035015.44424
968816.72214
1810652.880236
2834816.483216
1168909.91396
976630.054956
2163253.012072
3100259.613136
2474152.005868
994300.786704
3823679.15948
2445643.29656
1425812.9141
2826872.621208
2980641.450472
1918264.516976
2834392.182912
1544593.037004
1360862.033328
2113994.930852
1785710.9592
1784220.756604
1843192.377748
2633028.923628
1517557.111368
2173217.951028
1070782.698816
1304770.360768
2039743.605628
2534604.653244
2499643.282672
2428669.19254
2680378.844864
1847603.548696
1692076.21404
2339679.179928
1283673.89848
2900296.725032
1622972.065264
3092909.15328
1862056.67536
2323704.264776
2657614.4491
2084886.090004
844700.519248
2415570.974016
1206232.81912
1647734.613288
2277813.314408
882753.05482
2920522.531348
1198968.423564
2277157.770792
1596397.917924
1530293.653904
872292.24022
1349617.914888
3236636.059
2669170.755588
1788621.398876
1634964.681732
1928016.75838
1998138.770608
1903002.16734
1254651.54044
2270195.19574
968628.04394
2809276.20146
2881995.306172
2880505.103576
1376453.603464
1789389.601944
1035573.470852
2427513.36218
1638935.292596
1365599.044132
2333484.16396
918742.431048
2500396.70696
1534152.18482
1743632.980056
3331187.921184
1141381.815316
2396540.021396
1199809.6508
651008.311424
2621595.515312
3160773.757856
3105773.230564
2964584.334652
1650604.90252
3238761.907004
2183407.564904
2542275.608052
2510397.868248
1347458.581212
1873609.150252
1251858.17118
2828220.51014
1471183.550692
2002594.95378
1698246.888392
2884627.687184
2784998.935924
2791726.564892
1274831.787064
1518081.4495
778703.730772
1247764.91952
3238604.557184
1468025.607788
1613576.605488
3474799.334004
1539394.988132
2483319.7637
2885354.194328
2232187.06058
2060721.70926
1683899.43428
810532.626756
3171810.072696
2958373.574064
1438721.74596
1496122.670452
1140539.235632
2450754.025064
1584798.595236
1981032.334268
1217523.205308
2672746.398096
2758064.400564
