2016
263530.7199
545449.920972
101529.53794
278009.894452
19571.679424
90066.66892
121674.141872
330617.043616
416345.791164
291858.89712
581660.46272
212626.985976
379807.574192
514838.867852
182788.9656
90666.864804
558077.120424
162963.858676
304515.653996
465868.890984
24969.932912
115888.422156
519008.975208
536233.576696
136006.108876
248370.050428
452876.34508
149094.539292
50649.66244
434079.855624
141863.886852
424867.246292
108362.131132
122380.911872
239070.378716
133094.155824
229080.196784
471763.08446
433688.944272
659240.796752
543189.4546
322434.629404
343913.663832
433265.899696
537069.87774
362338.46392
287438.485396
314209.456776
305265.40782
409413.739444
429719.750064
375085.535132
474812.811116
499397.692672
433122.1051
58712.269236
187945.092936
507865.377788
406821.186816
29994.210984
611538.794468
31469.892448
823256.777156
66672.230028
458715.705984
359055.59424
642827.639736
474798.901728
313990.48072
548624.381168
592310.889052
120184.615364
389949.24588
579426.172992
537341.979824
202490.594576
87163.50576
480519.968592
588867.192256
477590.145868
18009.450672
295665.33226
118321.274504
333091.527476
114362.834312
591212.821296
236846.585424
430971.175048
243991.88196
240999.595848
201521.381708
284079.854684
93532.61418
454662.025196
120008.365552
212853.013208
198432.631512
155044.338012
353467.793296
12444.70324
58590.562176
147307.410144
137770.184376
60468.617336
93602.35422
299459.40356
143769.631896
675989.452908
574285.436044
641427.976816
18497.051448
101819.767208
359114.354856
339964.110116
404940.555788
14883.737576
293241.65614
339511.926692
582359.215432
23757.98208
212575.0833
441828.181356
665831.553544
98272.68384
395527.83822
217543.949296
411677.425464
327111.108704
481226.255604
600157.353172
668488.469204
59464.985196
264597.7812
601291.417852
745562.495636
17612.614912
145743.507156
44159.458636
484690.140292
237528.9496
635608.610568
193345.567992
233304.170668
377155.359248
447690.338192
718501.359264
385751.641672
454071.649524
630731.958552
313189.33938
278538.740268
113120.42456
44038.91072
364312.435696
127615.150564
359520.882004
244216.009548
119173.706504
178307.249496
146113.7798
276719.574548
66972.955732
449405.634352
426891.832708
139847.832544
36186.554364
149979.007864
510015.373968
305460.718484
748330.782848
320486.157912
603571.717884
219930.98444
203631.098688
45777.45356
309199.313296
258341.879564
685067.315116
474376.501
447865.976192
93917.407888
753168.153744
421673.660492
538709.702552
377154.811848
230798.13302
229147.715052
100399.72316
202488.598212
402758.233012
290112.658848
112593.091848
226014.532136
224863.982268
330092.028988
649550.213552
262001.622384
606997.512768
296401.949368
314810.682844
57945.386104
92241.038616
132783.93156
244012.617116
42863.72962
219961.70094
257845.295592
447886.518248
197408.425008
88744.022556
695457.520284
796004.579952
234990.649904
82484.482628
334573.777128
336255.81316
208149.874072
131748.069612
459943.948564
484908.729876
152523.360588
676036.590116
448683.506
456681.65318
93173.385168
317441.13204
168716.189236
114097.525756
123046.533144
147806.923944
162365.562232
404186.45514
347750.493412
271046.546456
437309.599004
696088.2395
267366.068344
203838.644504
198413.666972
270095.010092
178263.943612
276667.12454
512731.758572
403563.044748
109278.73286
290757.770372
78889.489176
163227.492588
590232.854276
881000.831536
85815.358908
263333.219432
432846.525448
218761.051524
426337.647128
315222.780168
397567.976088
559649.909684
463408.895744
469320.92672
669361.733012
754886.090048
264144.728316
573812.163028
594540.284488
209839.830672
716928.505252
518549.997848
975183.097232
436469.949352
272282.419988
477013.099876
36360.7434
564788.23176
206032.043152
455637.548604
526543.54076
608231.132424
714392.266264
386494.601696
91388.284488
112247.482472
156189.478496
495975.63246
75822.311356
410412.058716
65656.62018
115936.943712
678122.191092
336952.47306
102583.462456
391583.01746
257678.608412
57993.77904
143249.31812
222435.347648
477077.301912
521368.094788
221929.58738
80082.829632
313814.745864
160748.726316
310342.843956
528765.466512
250459.160736
456507.270772
543195.765072
187494.325964
133475.504204
790900.065268
65182.928724
639587.174104
582820.188612
484313.105952
232062.147184
113440.37218
538279.638768
588797.677352
148798.48186
184178.29274
559901.63064
282219.60458
62899.95624
229520.692184
385848.58854
674226.085464
809441.774912
255590.399328
314155.203504
666691.326472
864534.93476
546730.16254
363269.940876
156842.446244
336561.948044
790682.377112
318829.364652
182956.586108
436889.838488
813788.421832
153878.365244
128540.864244
277328.528016
441003.374624
192113.751124
681287.153
839061.334392
108954.245112
602402.074652
173028.964148
480752.46736
880309.516268
746762.790616
42226.731696
128873.014912
168687.211248
121688.759248
182361.895988
546808.209552
723655.136004
817104.068652
380872.767816
141771.672532
85322.380988
470332.157368
804744.173848
290495.6816
165411.167472
330945.523412
683657.155624
291569.762108
263093.08944
357626.180456
530247.555236
676786.923376
594822.142372
779891.34366
413110.60582
472835.103988
347295.15448
430875.580016
84818.262784
313667.023088
732812.236608
244639.086092
91364.23276
425933.985396
229417.20896
101477.892572
184425.151848
246671.206876
588830.068088
561364.2398
550425.161716
220683.539268
281003.435884
224554.14434
447004.592964
716753.672028
500191.073964
512352.567008
542278.261508
481061.339108
288639.03782
527145.249816
75777.942912
321222.324136
668284.336
667233.759752
712131.059256
385812.977884
377259.936864
51166.240728
988721.328304
458619.24156
643315.208
182279.341224
266535.144104
474769.343964
312907.867492
768856.702988
613060.292796
629040.778124
354811.174408
574209.095168
595663.6916
125350.272888
411150.672052
264640.70034
248816.244692
228079.751848
483936.941004
396833.515932
651028.92136
231008.898416
408155.745728
612326.573344
220521.3276
777130.26862
205272.533256
146439.426284
650659.968788
762855.066004
464351.867352
511715.182816
415434.179428
335859.87876
443289.566756
450694.537124
741469.179292
210023.002768
773485.690848
101343.306444
309550.846672
557765.607988
312286.195748
491388.08274
229877.345124
298941.601036
827051.395448
679397.281196
347427.35784
257633.531572
615570.451656
216704.846704
82369.440272
412535.910356
385285.58076
572256.502464
401455.162728
657634.489104
252601.622616
285930.863468
667512.6555
336293.645112
467754.76972
337764.883304
186456.177832
386074.873284
736216.072644
276793.113604
325189.489808
211821.883944
970237.574296
807169.749476
222410.97386
799230.137572
526280.196192
98053.449864
167517.600256
689868.914156
398223.905836
566655.27512
336833.953408
604845.71312
702266.930936
739292.974092
143752.598968
93470.56896
883229.1
460714.179828
614287.247544
213042.270436
488636.473816
201456.953856
288021.03654
156429.350568
1143615.786384
374752.257084
466823.775412
261609.294036
114643.886944
563883.38172
302776.981856
540674.465588
687469.321868
451696.237312
409578.719604
182152.3215
206126.253156
288180.41476
432020.49516
475806.976664
276384.30034
226726.550048
197721.128012
470727.125452
647805.102048
758720.536928
645277.39544
709340.748716
78671.86516
612280.208672
294604.29134
193275.73096
1038424.090752
1017594.289196
145855.68328
356693.640532
636986.604052
174882.13036
121556.459032
729191.9357
888632.344092
508204.096304
813257.193044
488458.710696
678386.629916
754602.332112
781028.949912
738922.540384
375205.438588
483857.026384
170297.80056
132996.7897
812677.700212
450060.308236
467222.703916
293144.45108
619134.245484
688853.884016
753321.575044
229022.401532
204580.21984
387196.734984
1012603.078016
403579.594008
732790.760612
785146.092168
392054.51918
717895.463972
738130.38224
417004.2642
448609.515516
573710.096256
737680.420452
161057.275868
87892.39506
380199.966068
137253.218868
74270.095848
651466.93768
1050812.931168
492209.47618
836501.107952
566126.042696
406321.80116
456095.591684
806172.3636
177945.058008
432149.34998
482720.707828
480201.630184
755042.69896
748797.937744
722478.473632
1395381.172708
633380.277012
622005.758272
609082.75924
608314.330764
625365.644644
687918.28544
513846.697512
403089.513948
453474.254372
188635.506028
1020282.983848
138709.19536
435257.869492
164498.461208
642919.144844
589766.761124
240505.84478
104188.739036
119593.82064
259523.82168
947911.323676
808530.581888
213925.51552
138081.341696
511371.988176
855405.910172
107812.323936
448240.530704
164531.206176
652729.309848
189111.90204
576567.699656
614182.476352
1204955.73578
276880.884176
707814.098312
738692.874656
319414.878136
92112.891648
91546.632048
679909.416416
212115.332928
710455.20494
515969.003808
709604.833512
919463.049288
675070.017052
402833.220828
597277.726036
526638.84536
403798.183592
394256.514552
704217.205216
634646.931456
459300.124464
886274.383248
301908.837204
253899.540824
275365.245436
938617.157728
604654.42688
511859.170376
510353.158748
274575.63092
352839.681508
1001135.540248
576592.266408
884509.051952
131430.246432
130539.627976
622676.692276
239013.742472
305765.275308
252284.08946
289923.304152
358583.222312
262319.992012
593592.836824
597674.239736
308686.308072
457787.22252
268755.137768
293397.78186
397650.530376
631215.823908
419814.086272
341570.545568
714414.643212
725545.297152
177687.895496
471670.580048
641439.374204
443387.447292
220066.632516
271228.94554
447775.951132
465969.185916
534573.563176
972671.553412
395757.374512
145523.661232
837723.490604
240128.10218
1059443.278564
245513.863004
603428.566728
174548.659416
651640.804724
467807.348212
288561.57004
155856.844432
152740.146704
401974.638944
333321.900852
209272.6691
522885.729348
919559.094728
1017764.550052
316896.412168
114770.004832
291610.266376
253722.743612
473638.30556
409559.915992
375533.596596
572290.82488
584847.769132
83664.7182
502867.694256
147012.962264
179424.667448
604355.021112
1280219.160976
301999.763216
413352.860388
133853.53608
603249.934284
182405.684384
549968.953256
344532.30828
258886.276424
277434.972968
365312.042528
195672.61842
287593.0655
153024.387288
459579.309964
405944.831232
905568.808852
254878.541664
777049.903048
1032482.759728
356568.037396
963223.772588
663836.362808
760368.926224
180599.945064
316564.325844
427004.33062
241953.41758
655329.042408
279328.515168
869784.080648
436585.312952
754346.167612
888362.17362
1044592.317992
474862.909916
694867.337304
910524.02304
379742.11568
536823.14664
457913.115136
344358.891848
523147.528164
647330.573236
780695.639896
467980.635752
119048.521536
99493.939044
938692.757628
214290.829596
163371.190056
690394.604464
455636.80756
407951.870036
358649.581504
835297.399612
161762.049436
419967.507844
268772.105808
565323.001576
1111719.081904
330505.47808
298325.3382
1014985.379932
491561.531004
653092.498872
244109.563576
538381.060808
573834.185676
416149.384884
235390.672596
1381357.433332
880176.604036
892831.300272
231003.971816
304673.679156
977112.056308
134201.399128
431307.703896
753196.358244
800257.531212
220441.895696
589264.83218
697061.090116
237271.561136
135140.99016
251610.51504
523754.517712
744967.515084
1045517.355652
612289.706688
729705.648504
511587.90524
1120243.112832
130364.569344
262398.87604
872571.46102
236504.001984
1148841.299324
492223.707288
840869.74562
123443.754628
1102656.73884
1014486.928488
419935.181384
300897.960448
565830.532664
361604.679308
723351.705132
714947.513724
525373.349788
746155.349776
256140.463016
419582.037844
201148.822268
618849.972388
813058.98418
427245.490728
1009840.90804
162609.16884
713070.843048
792267.980756
664788.54302
605511.108848
435218.523756
137221.858112
519841.154156
1108532.740652
346574.05604
648892.318864
1037561.129736
577460.571716
560611.941872
692744.000552
1052989.20044
392370.441968
953342.676092
1043454.711468
945583.016704
376440.120532
324083.0825
358831.948756
1021683.966568
237037.935124
907096.94012
211003.098
1051099.457528
269796.988264
366996.04248
621047.041568
947838.846568
664576.070876
600633.201104
1301584.05468
668562.4586
125934.788088
349498.276348
1170819.59004
702252.377224
248125.798408
137142.007972
539405.009528
678037.575144
554810.348712
448994.083612
1094510.675716
890033.777492
273041.285152
908251.707852
257070.459108
671625.772652
971007.032684
975879.338012
1434203.102392
242222.331984
229808.087596
943813.274308
238766.239108
708029.339152
815383.491524
594604.228332
188389.451492
877550.082816
497435.085704
495678.029208
876653.314612
417257.015204
951394.108084
444961.331284
1136114.7701
161054.538732
152092.716688
614666.470736
944557.457956
563862.613848
1038677.582256
946377.75058
508766.813788
333122.307572
431147.81038
870618.771664
424725.575864
1087795.314004
1170920.30416
638143.367672
544552.76548
290584.482084
287718.829224
1225533.848212
709827.962748
1228513.577248
694410.324068
291672.407568
120355.64828
903760.30036
944169.895144
787627.015256
279052.581352
793257.15604
728876.623976
859180.276228
444165.599192
779788.407292
731445.865512
960119.116572
637506.724048
1029199.181516
295368.6303
192853.716296
1141808.018188
734009.21488
442879.626112
389625.047136
267810.7812
435751.168928
940338.281372
1333825.820728
1163733.182876
646903.149596
872212.843752
822548.428552
870484.926104
807237.4284
382249.82736
756035.898668
444360.620172
1280355.839644
371409.274
928995.73486
178805.05614
420070.540048
1310122.606672
689122.282988
510345.270012
1060280.416488
543192.673432
985109.655952
785715.860896
406418.425832
1186737.225508
378121.96326
113978.586984
944861.82202
420780.368836
399457.364088
647685.45522
728197.80144
949957.321268
671613.24768
1193071.463908
1010977.548384
1122319.537376
1034549.621504
616631.266216
343083.704752
138988.92792
510837.732636
219108.302148
917904.168804
1060451.257052
1221411.264468
145782.014652
364231.29684
934234.481304
881901.881268
686322.635224
460564.685756
638873.448696
104994.580752
1115774.790888
1440500.474408
117265.44912
339224.916188
691485.556292
367353.564744
823728.954352
851368.585408
650457.412964
177717.96774
1075096.989892
625762.479928
554328.253564
664688.279444
271921.065312
665355.285404
234958.000704
994326.7729
768004.527888
1245332.166612
433719.9174
611075.598496
283600.044768
609694.256064
417827.363776
198056.723328
624146.770984
1443590.802256
1137247.45016
696335.162272
284841.778296
442860.339648
1371233.405636
423006.093876
592743.785128
418574.445216
461661.11138
184523.38614
778882.366072
698825.970392
333233.807812
159750.953424
1051242.640176
571200.67742
306846.245724
963990.880652
482724.79646
833225.900852
463348.202428
911783.464972
939214.262244
610247.99076
204317.583328
542981.811112
1251492.891996
837906.726908
507867.405236
272738.59512
751428.096712
413901.86172
377447.294176
273494.98168
905515.135084
742122.951408
932148.622612
218905.972208
462719.672608
441860.989784
1046415.05732
443721.014276
592226.530276
273297.61024
278074.38522
133217.310692
340371.795456
731786.548424
260879.9529
1344956.377948
220117.890732
588967.486848
647370.111596
313658.425616
332951.37022
1234560.387316
624659.357088
1192656.404244
947328.063252
1166474.939144
244631.77652
744284.635408
526302.41194
961532.2701
231771.756036
779036.49604
160655.4812
378331.63406
220755.693432
156988.332904
846186.73204
586668.801916
1237677.278212
1747738.50176
870712.402164
961268.76474
390541.8421
1338616.376136
1279783.269164
372018.613872
1170792.5438
529626.430144
1421315.8425
136044.13318
785610.767712
281217.45276
888790.72362
974281.756116
589487.993588
198800.230752
217333.375844
1112373.015288
1022781.357896
974258.8636
691049.407172
910118.525804
181935.3733
150708.315264
454355.116416
648570.793116
750393.071848
972779.093028
1141901.391108
290013.102852
821290.9502
333973.129544
934017.276
295214.983048
1211777.83206
293393.756688
344105.077604
1073723.922124
1131862.172188
462183.582108
737666.703688
1305921.46062
402160.1934
183073.81684
646016.362464
584910.521864
504600.85968
143063.1828
142816.838784
355629.83044
737482.662064
184280.004192
822276.358436
1062253.293464
1299093.27846
429363.031488
892823.2183
826332.132036
1220130.700432
339821.022828
655418.004024
1566542.288108
802861.835596
780432.45612
333452.880316
715734.487688
408635.779352
388021.476488
656262.064708
669976.481316
994195.631828
481046.8494
298761.87318
488727.560212
1088285.168384
252177.160636
510649.215364
1322930.692172
785032.884704
916707.286368
394347.601084
551912.948692
405207.473012
1291855.993284
714348.637572
177183.969984
327999.987424
1505600.623164
1047459.548096
970229.073408
739974.532676
760238.332212
858888.114736
773690.853352
400578.452912
268704.619168
770141.451764
446084.99584
872923.734828
257333.094804
1307320.737068
997875.981116
802721.067548
1491519.572204
242218.37136
1212800.299712
1011202.641744
279900.312296
1185368.311124
1613633.340424
428490.765624
576354.22882
1676488.638876
428860.32994
1324059.927176
766880.540864
639165.609712
338962.85952
634667.311972
393057.989644
218142.180036
896821.132712
594139.036744
1059276.558736
872215.065116
1403190.769968
794869.322936
1322457.032888
309562.34044
284309.261608
979848.209888
296530.996404
1197940.06626
1140633.22322
1025870.429948
525978.149532
506794.580252
767417.178628
1041329.603556
1084887.256552
495120.913392
897083.994088
222686.649144
1398187.838864
890910.840384
799019.789732
963940.974136
977255.496264
464710.998828
1081492.950908
1236921.084684
375828.55848
1049586.587416
906389.07498
786496.524184
522028.789052
179439.445616
661270.340512
794186.6367
610924.14064
917841.189984
648508.072012
1286004.558156
1230228.42232
652192.31724
1267523.541012
939856.926588
1324484.581576
441648.90384
985850.0078
1056727.118688
573523.767904
899804.596624
734961.68464
645003.457308
388571.379588
1014179.891496
689434.728412
532040.961936
991946.531148
390196.683404
803447.896616
530266.905092
161002.378204
274730.40426
567149.057068
660433.588652
483265.04014
646468.899916
707350.87044
1181848.1449
708366.673252
615618.071104
575951.017904
951518.841284
1158813.289116
779075.970124
889644.829788
960186.47364
845643.622332
339239.7268
1207297.597024
1007821.601436
622803.453672
434422.308268
272456.414904
639999.689052
937939.10732
1361134.363268
567592.90128
484854.990948
1324562.564176
695437.71764
762089.276856
742981.2432
1049864.968004
988839.1063
238861.704636
709182.303416
728946.234852
1075390.631908
754062.344992
885536.799416
1088039.178396
1369747.324048
1483735.281516
733066.951056
268876.36116
284423.627468
431254.029924
1330963.54824
1306781.29796
619394.047324
767950.660952
1020224.35124
694166.20128
634526.64044
199617.213024
684967.179344
815566.309184
634660.96892
369586.72716
851475.384592
1079593.226652
876435.980212
1578577.630684
1205211.96374
693758.28958
972153.975956
747300.23234
467783.134944
812176.961972
612207.763192
997144.225584
655905.636836
561308.633536
211014.656452
713364.581444
576485.401792
1165654.640028
337166.84376
899976.370856
1073806.31562
1018658.902772
1360408.98296
1250584.886516
692221.368216
629786.989288
1306257.63578
1236947.293432
868440.34442
484253.08852
1477715.646036
707419.161516
1162697.06294
1161955.294096
1449637.418952
338535.307124
578725.519208
971033.369848
1850652.633816
1110679.25906
418790.973888
1112390.43394
1366319.243048
1053337.642584
543987.857716
550613.033848
996537.847712
1129138.671588
746146.655856
557558.898304
1078301.74774
999909.357424
983022.959768
1319081.208524
995551.280332
1266671.108808
1274733.683432
236561.216576
965922.35132
387064.24092
361015.8164
1413813.828204
824582.89932
431689.051936
543808.613528
496992.33568
1042639.724676
1156798.748116
595929.224408
1565738.023432
1065083.721868
334403.4505
524933.433076
686157.815176
214280.36472
936034.6178
664257.700228
631168.911224
1039190.393292
1134409.969832
430944.739464
375695.13136
806108.482672
1217322.455672
810607.810732
1197732.584584
922765.397716
997783.638108
486989.78984
745086.388084
407755.65706
1203363.755688
666770.048552
1261648.891308
1410880.88228
789862.785508
557655.426732
670983.558308
1418024.47234
501097.790184
1054831.93422
1427149.504132
699061.881976
1325387.982312
1402858.908848
606915.858344
673023.11674
558964.58208
1465518.960912
475733.726136
843972.372352
702589.936528
860684.033504
533399.540472
578763.383536
982266.05798
1308753.498848
404763.40312
732323.894176
774759.620992
1170848.696104
700544.163936
1395076.711108
632404.88134
521334.4471
614294.619828
788904.358828
923160.301524
980221.058128
892611.100048
633970.716144
1155891.03266
1352257.253008
1136618.85552
927612.041492
1050011.112856
1436560.482984
330632.5614
952157.70634
410245.40262
1692145.183652
471687.482996
220445.146972
894387.571696
1223687.60374
1470151.715888
837070.135636
480977.688592
1209585.688732
267512.308692
408171.00634
972791.166776
643278.372836
805489.16132
333909.410088
343184.997968
1008445.269204
1217816.946696
1023572.903888
512707.963268
204971.6454
1051686.258572
1239381.433612
1481511.133924
1233263.563228
343636.34424
303520.520568
1235721.465384
709824.935588
441562.646168
652138.450372
478113.5168
1543330.473844
780021.034544
1046071.089668
1157804.086596
1172369.389792
876636.571232
251935.001972
330314.577632
1879850.404312
330177.35136
1250896.881328
769715.219304
1565987.587096
479796.679736
1062554.276476
661833.605464
1323934.710308
1025598.134356
712236.634136
1009787.266104
765376.46078
479434.392072
561326.374248
1178299.387024
1189856.595076
1015642.822444
284973.659256
1059154.078664
503041.077632
1225341.853168
1319992.690892
751387.430632
857461.920668
1444182.916032
1322073.172508
1137288.855788
207494.45792
639360.759176
999074.98806
1120365.46306
696417.587668
783459.322092
184144.387404
638209.275572
855441.101232
1140186.223296
187577.845344
595737.068844
1639881.808428
386235.087568
695036.08424
1127624.417196
945272.791896
553831.894456
1115695.004616
1092934.601376
1354181.479468
913715.740416
940444.500712
996805.441976
1296886.517348
354171.084504
815209.688076
1383453.336828
1405059.004508
920156.102184
1180485.444608
774766.092596
785725.680564
1014210.092564
1344440.990092
487309.640876
929464.338448
208557.043844
1309620.097748
242784.08322
464272.563456
1175294.09302
866731.32656
583377.463792
983096.692128
587370.258844
830995.120184
1065169.14198
757466.148652
298782.9944
719454.471852
545767.226952
218038.40672
166743.310696
1687875.521116
683751.847596
1234528.994116
379710.367976
609747.70354
903605.976476
501152.429384
1197262.338116
839561.426608
924634.791536
727304.896324
698288.366108
457201.12824
1368052.151096
2061589.40534
1997044.472212
1309981.580432
844302.494416
377392.622056
468737.665412
998127.12216
1569889.842336
1186391.293596
1172201.962044
916580.781464
891896.441448
568015.494768
1241551.360104
1473599.276248
1058086.952748
1293167.402032
347001.76848
738374.310364
850484.985412
1475353.692532
885731.755712
764270.7299
408889.206376
1704636.444596
453953.38616
1157965.654144
2062613.869288
586330.33996
1102194.47674
1342722.377496
1286099.798344
455321.49536
771065.104532
1006325.506332
1529765.421872
1519512.829312
1694851.26492
1792039.210956
818871.81346
890035.515392
776492.400284
1605051.804064
1390890.794516
629129.835508
777968.596908
1402521.831716
692578.310772
330687.393768
1586096.387136
1433196.990288
394460.227888
1073527.966864
239506.07532
1342335.329844
1042125.914744
294925.55808
370579.186368
1084790.985228
481854.78386
942002.511396
248501.318488
1363063.032728
1126623.457372
1184290.720604
1070832.027664
552058.062884
882228.97624
965485.04292
915745.092096
287064.57276
1005279.759692
586870.422848
1190429.197456
740661.468472
916566.42126
542774.200204
1378427.287732
1607818.12722
1156824.055164
564660.56676
524431.439652
1211414.867696
711567.02
1177975.317784
1192358.446828
507763.792644
1611557.237192
500166.312684
333315.041756
519146.264192
1790730.989276
471230.534104
1090151.921652
743492.541064
1094520.173188
876240.250496
675011.384104
1655046.373636
191255.103536
1115607.008364
1694303.454496
1780167.72184
588078.091268
1425210.788372
1396691.90462
1781652.805008
1100357.280284
1430865.882312
385584.180256
918630.44986
1419760.696688
2061076.175116
415621.729296
527590.21964
1253594.462388
913184.543868
688704.0351
1770949.832084
772338.03748
528471.532976
377669.360512
602905.74068
969027.167788
463565.24592
1240005.06914
730070.994004
529355.325528
1344980.364516
979970.270568
1024050.008024
954610.810788
621418.987632
816885.4454
596661.591208
881531.124888
540747.97152
1540848.777404
717906.184592
1163146.734568
500106.392856
397331.54744
847646.31404
863202.466892
923140.242116
208226.92144
1472120.342692
359998.49994
1273682.108696
855888.165024
1296341.08942
866810.24276
987491.989496
742443.57464
1562838.46612
377262.6723
757102.701708
1793185.124248
786335.503356
1935983.514944
561126.55556
1133837.914308
576180.876256
1830039.167696
451752.002328
639600.470252
668844.1225
1640212.509996
301937.008988
442313.558864
1217820.294964
579486.767208
609876.783632
989983.40936
1608362.717724
1203851.935696
606711.982652
540782.970296
429745.860596
347165.68642
490461.466
536534.010948
911881.892364
304069.199976
1158943.882176
424075.826948
746273.2887
978005.732532
1249667.640192
686991.926416
1928726.750204
509381.52992
418041.444996
361265.57296
1902883.488936
476846.70102
684445.512984
808935.143824
252306.72324
1368998.986404
2038780.2869
1118032.390824
1379665.83358
732434.653644
989327.125176
1155239.159236
1379235.866516
251475.92796
556035.821508
1519419.64922
200212.45
623172.212532
705599.608984
1690922.092196
1688560.750708
1397844.386236
1504692.0056
1364595.89702
777313.342908
1288696.439876
2091944.744708
1365978.784932
810119.050404
1214470.3898
1234800.838416
1383121.958628
642675.375404
219742.787664
308619.593424
1169661.53716
528104.415568
1206647.848448
1277105.070132
542157.036008
210642.548032
1035947.255072
1278554.607124
390155.952844
1357676.466788
1250138.433788
1006774.01902
1020208.509492
1429151.9705
1480218.753176
1687448.773564
403792.193616
1260750.770384
1134924.229832
203592.459852
1161744.334784
1601381.918768
672904.951048
431340.06144
1403741.509676
1205080.8545
646330.771536
509747.069472
1782320.422576
1431730.967904
380952.938384
1754353.019712
1014337.433872
917225.53862
2344635.812744
1115124.945388
203494.643456
622117.772516
220344.04604
1178309.303548
882052.178892
1499271.793264
273131.14772
1582452.5819
480899.0616
389187.963464
1608497.593468
1264190.925404
1367748.301852
1298273.55844
767487.207808
918549.826844
492622.473776
855269.26218
894023.738144
1515213.416048
1282792.780216
1955453.320968
517159.76724
1304276.773076
1411462.081112
1078832.331864
254299.047676
606946.252444
936228.5114
538444.84318
507955.368296
630461.078188
1675576.672704
280511.712264
1439064.04094
351948.933004
966835.829576
487351.497456
692517.618
1721086.467588
1744209.512656
1264776.278164
795600.337084
300380.157176
1217238.483776
1261802.53788
900255.974456
1904566.78056
428669.815896
1014695.439192
1545893.307644
1873818.147004
477271.355352
1325256.744316
213030.484672
862628.222108
942496.293888
455398.415196
437923.284
252396.940856
718796.352096
750450.479404
499694.681664
1430002.792608
810251.028356
641489.150468
893449.59008
354598.700768
933939.42134
1366474.435032
1591055.43258
2335705.866276
920370.698972
1320256.550008
485552.616212
939017.66266
1224700.315116
907701.996764
1426143.231304
480604.099104
1261611.60594
454458.18018
467994.865908
239457.649804
1332549.47374
897773.344484
1460782.81882
754667.176704
1166683.1603
437184.799284
755820.978528
1623570.041348
861915.720868
1236483.808048
1726608.070132
960472.70984
1321173.345108
1215588.130152
623626.810624
688409.973964
888217.508476
217585.836552
1749086.422184
1476691.889804
789013.604852
465792.484064
686007.966872
1926927.450248
306437.52816
341666.267792
207770.745288
1022009.483412
1171490.297616